eval_loss = 0.33372655510902405
eval_accuracy = 0.8965769723595094
eval_runtime = 41.248
eval_samples_per_second = 132.443
eval_steps_per_second = 16.558
epoch = 3.0
