eval_loss = 0.7109243869781494
eval_accuracy = 0.5053999633900788
eval_runtime = 77.9598
eval_samples_per_second = 70.075
eval_steps_per_second = 8.761
